{
  "frames": [
    {
      "file_path": "./images/0.png",
      "transform_matrix": [
        [
          0.4388699237802745,
          0.0405969143468136,
          0.8976330433682873,
          3.7594553005421547
        ],
        [
          -0.24625235480200128,
          -0.9552978804625689,
          0.16360237571072375,
          1.2599089112329402
        ],
        [
          0.8641486953965535,
          -0.29284441283596485,
          -0.4092544222304674,
          -1.4444981766311507
        ],
        [
          0.0,
          0.0,
          0.0,
          1.0
        ]
      ],
      "w": 3840.0,
      "h": 2160.0,
      "fl_x": 5274.674040203778,
      "fl_y": 5274.674040203778,
      "k1": -0.06947745962150426,
      "k2": 0,
      "k3": 0,
      "k4": 0,
      "p1": 0,
      "p2": 0,
      "cx": 1920.0,
      "cy": 1080.0,
      "is_fisheye": false,
      "camera_angle_x": 0.6981905118802046,
      "camera_angle_y": 0.4039211527926573,
      "fovx": 40.00336962681429,
      "fovy": 23.142977311078127
    },
    {
      "file_path": "./images/1.png",
      "transform_matrix": [
        [
          0.7122872172885785,
          0.06555905505974707,
          0.6988196694333714,
          3.054879727640012
        ],
        [
          -0.14610302045875342,
          -0.9599706896998533,
          0.23897736781966827,
          1.4589997369699823
        ],
        [
          0.6865135304566999,
          -0.27232018877942377,
          -0.674196475282255,
          -2.400290502599763
        ],
        [
          0.0,
          0.0,
          0.0,
          1.0
        ]
      ],
      "w": 3840.0,
      "h": 2160.0,
      "fl_x": 5278.092207731307,
      "fl_y": 5278.092207731307,
      "k1": -0.07455950238496237,
      "k2": 0,
      "k3": 0,
      "k4": 0,
      "p1": 0,
      "p2": 0,
      "cx": 1920.0,
      "cy": 1080.0,
      "is_fisheye": false,
      "camera_angle_x": 0.6977741727736871,
      "camera_angle_y": 0.40366661631613937,
      "fovx": 39.97951515316459,
      "fovy": 23.12839344524152
    },
    {
      "file_path": "./images/10.png",
      "transform_matrix": [
        [
          -0.6356739660779892,
          -0.008520306453784007,
          -0.771910625155926,
          -2.520786138139005
        ],
        [
          0.12859804371320127,
          -0.9871355043205564,
          -0.09500546964748115,
          0.2236147674508814
        ],
        [
          -0.7611709085375085,
          -0.1596587000064027,
          0.6285920358296377,
          2.6586882170191344
        ],
        [
          0.0,
          0.0,
          0.0,
          1.0
        ]
      ],
      "w": 3840.0,
      "h": 2160.0,
      "fl_x": 3933.579602699795,
      "fl_y": 3933.579602699795,
      "k1": -0.1445983491280023,
      "k2": 0,
      "k3": 0,
      "k4": 0,
      "p1": 0,
      "p2": 0,
      "cx": 1920.0,
      "cy": 1080.0,
      "is_fisheye": false,
      "camera_angle_x": 0.9081728661202872,
      "camera_angle_y": 0.5359124913019755,
      "fovx": 52.03447229699201,
      "fovy": 30.705523939944634
    },
    {
      "file_path": "./images/11.png",
      "transform_matrix": [
        [
          -0.8605852514284031,
          -0.002529569731642772,
          -0.509300133811965,
          -1.605320396097035
        ],
        [
          0.08820602811721232,
          -0.9856167970393217,
          -0.14415001213227208,
          0.06290907631377168
        ],
        [
          -0.5016101291119411,
          -0.1689767163573769,
          0.8484304023910156,
          3.4234800469722164
        ],
        [
          0.0,
          0.0,
          0.0,
          1.0
        ]
      ],
      "w": 3840.0,
      "h": 2160.0,
      "fl_x": 5294.774467510336,
      "fl_y": 5294.774467510336,
      "k1": -0.0757324401438699,
      "k2": 0,
      "k3": 0,
      "k4": 0,
      "p1": 0,
      "p2": 0,
      "cx": 1920.0,
      "cy": 1080.0,
      "is_fisheye": false,
      "camera_angle_x": 0.6957490582642128,
      "camera_angle_y": 0.4024288861572887,
      "fovx": 39.86348463874101,
      "fovy": 23.057476730963323
    },
    {
      "file_path": "./images/12.png",
      "transform_matrix": [
        [
          -0.9722752493437907,
          0.008582693507404154,
          -0.23368178552387853,
          -0.47896806449483775
        ],
        [
          0.03000155186855401,
          -0.9864887153247315,
          -0.1610587514618173,
          0.004474829990043629
        ],
        [
          -0.23190676229672233,
          -0.16360425394566896,
          0.9588810675427546,
          3.842300758873886
        ],
        [
          0.0,
          0.0,
          0.0,
          1.0
        ]
      ],
      "w": 3840.0,
      "h": 2160.0,
      "fl_x": 3079.249488792976,
      "fl_y": 3079.249488792976,
      "k1": -0.1849339179556823,
      "k2": 0,
      "k3": 0,
      "k4": 0,
      "p1": 0,
      "p2": 0,
      "cx": 1920.0,
      "cy": 1080.0,
      "is_fisheye": false,
      "camera_angle_x": 1.1150810029048295,
      "camera_angle_y": 0.6746585860199467,
      "fovx": 63.88943528166182,
      "fovy": 38.655089591206746
    },
    {
      "file_path": "./images/13.png",
      "transform_matrix": [
        [
          -0.9982036376028471,
          0.03254651598213102,
          0.05030131383839354,
          0.6054891915209597
        ],
        [
          -0.04036485282857295,
          -0.9857673368927771,
          -0.1631975372713996,
          -0.02646302822554539
        ],
        [
          0.04427388092963297,
          -0.1649347804823079,
          0.9853102768441429,
          4.008618818373899
        ],
        [
          0.0,
          0.0,
          0.0,
          1.0
        ]
      ],
      "w": 3840.0,
      "h": 2160.0,
      "fl_x": 5305.018079368704,
      "fl_y": 5305.018079368704,
      "k1": -0.06757088323323494,
      "k2": 0,
      "k3": 0,
      "k4": 0,
      "p1": 0,
      "p2": 0,
      "cx": 1920.0,
      "cy": 1080.0,
      "is_fisheye": false,
      "camera_angle_x": 0.6945111314356127,
      "camera_angle_y": 0.4016725712326572,
      "fovx": 39.792556656116204,
      "fovy": 23.014143077799183
    },
    {
      "file_path": "./images/14.png",
      "transform_matrix": [
        [
          -0.9200223188664736,
          0.05609629352401713,
          0.38783003834208596,
          1.886880011584247
        ],
        [
          -0.1156277585278338,
          -0.9844965598375751,
          -0.13189672143692127,
          0.09765061166889874
        ],
        [
          0.3744184213488775,
          -0.16619184553054087,
          0.9122450965797334,
          3.6294521723681923
        ],
        [
          0.0,
          0.0,
          0.0,
          1.0
        ]
      ],
      "w": 3840.0,
      "h": 2160.0,
      "fl_x": 3870.510282195665,
      "fl_y": 3870.510282195665,
      "k1": -0.13865550256722198,
      "k2": 0,
      "k3": 0,
      "k4": 0,
      "p1": 0,
      "p2": 0,
      "cx": 1920.0,
      "cy": 1080.0,
      "is_fisheye": false,
      "camera_angle_x": 0.9209790776804616,
      "camera_angle_y": 0.5442235128194118,
      "fovx": 52.76821417094165,
      "fovy": 31.18171039633615
    },
    {
      "file_path": "./images/15.png",
      "transform_matrix": [
        [
          -0.7720396716378012,
          0.11670200289399017,
          0.6247682673903397,
          2.8305074929595646
        ],
        [
          -0.2278510190082594,
          -0.9684793883836068,
          -0.10065578678353634,
          0.21904555710756654
        ],
        [
          0.5933284575631728,
          -0.22006434694571958,
          0.7742951792753591,
          3.141940568556864
        ],
        [
          0.0,
          0.0,
          0.0,
          1.0
        ]
      ],
      "w": 3840.0,
      "h": 2160.0,
      "fl_x": 5314.481083064546,
      "fl_y": 5314.481083064546,
      "k1": -0.07519507110720419,
      "k2": 0,
      "k3": 0,
      "k4": 0,
      "p1": 0,
      "p2": 0,
      "cx": 1920.0,
      "cy": 1080.0,
      "is_fisheye": false,
      "camera_angle_x": 0.6933712902358383,
      "camera_angle_y": 0.40097637866775027,
      "fovx": 39.727248566054,
      "fovy": 22.974254182101625
    },
    {
      "file_path": "./images/16.png",
      "transform_matrix": [
        [
          -0.47833399997895776,
          0.0648644754887606,
          0.8757791869436599,
          3.8587072648873586
        ],
        [
          -0.20153425816006992,
          -0.9787601865304815,
          -0.03758244338368187,
          0.4933730144448834
        ],
        [
          0.8547400348948212,
          -0.19447646922541903,
          0.48124668899184536,
          2.033031946450036
        ],
        [
          0.0,
          0.0,
          0.0,
          1.0
        ]
      ],
      "w": 3840.0,
      "h": 2160.0,
      "fl_x": 3837.77173704717,
      "fl_y": 3837.77173704717,
      "k1": -0.14683057369489114,
      "k2": 0,
      "k3": 0,
      "k4": 0,
      "p1": 0,
      "p2": 0,
      "cx": 1920.0,
      "cy": 1080.0,
      "is_fisheye": false,
      "camera_angle_x": 0.9277596550434104,
      "camera_angle_y": 0.5486375441137252,
      "fovx": 53.15671263650056,
      "fovy": 31.43461576013898
    },
    {
      "file_path": "./images/17.png",
      "transform_matrix": [
        [
          -0.522933158339973,
          0.03366020300108965,
          0.8517088132939015,
          3.7278926066508693
        ],
        [
          -0.21073701833320804,
          -0.9733051725565338,
          -0.09092277040832665,
          -0.07725225574129765
        ],
        [
          0.8259121145815755,
          -0.22703310729631823,
          0.5160669987305607,
          2.0931958711917305
        ],
        [
          0.0,
          0.0,
          0.0,
          1.0
        ]
      ],
      "w": 3840.0,
      "h": 2160.0,
      "fl_x": 5316.381175968594,
      "fl_y": 5316.381175968594,
      "k1": -0.07293016217284445,
      "k2": 0,
      "k3": 0,
      "k4": 0,
      "p1": 0,
      "p2": 0,
      "cx": 1920.0,
      "cy": 1080.0,
      "is_fisheye": false,
      "camera_angle_x": 0.6931428522461784,
      "camera_angle_y": 0.4008368758886034,
      "fovx": 39.71416003336604,
      "fovy": 22.966261261626165
    },
    {
      "file_path": "./images/18.png",
      "transform_matrix": [
        [
          -0.7602311126775773,
          0.022561209613363702,
          0.6492608467617578,
          2.895320814026601
        ],
        [
          -0.15613542747552034,
          -0.9764492724933687,
          -0.14889105592414809,
          -0.2783577206333251
        ],
        [
          0.6306111191566871,
          -0.21456423296521984,
          0.7458497210081917,
          2.920861888672803
        ],
        [
          0.0,
          0.0,
          0.0,
          1.0
        ]
      ],
      "w": 3840.0,
      "h": 2160.0,
      "fl_x": 3072.4906997824105,
      "fl_y": 3072.4906997824105,
      "k1": -0.19167924579584172,
      "k2": 0,
      "k3": 0,
      "k4": 0,
      "p1": 0,
      "p2": 0,
      "cx": 1920.0,
      "cy": 1080.0,
      "is_fisheye": false,
      "camera_angle_x": 1.1170550669511077,
      "camera_angle_y": 0.6760323020252489,
      "fovx": 64.00254082000208,
      "fovy": 38.73379772056013
    },
    {
      "file_path": "./images/19.png",
      "transform_matrix": [
        [
          -0.8922103032780129,
          0.026262928169965335,
          0.4508558897569098,
          2.156630417181067
        ],
        [
          -0.12023082083741782,
          -0.9760934912641052,
          -0.18106917471676653,
          -0.4097819782962351
        ],
        [
          0.43532209276042516,
          -0.21575855699320348,
          0.8740382832799105,
          3.429776519882303
        ],
        [
          0.0,
          0.0,
          0.0,
          1.0
        ]
      ],
      "w": 3840.0,
      "h": 2160.0,
      "fl_x": 5304.327111813356,
      "fl_y": 5304.327111813356,
      "k1": -0.06843772579278941,
      "k2": 0,
      "k3": 0,
      "k4": 0,
      "p1": 0,
      "p2": 0,
      "cx": 1920.0,
      "cy": 1080.0,
      "is_fisheye": false,
      "camera_angle_x": 0.6945945009912332,
      "camera_angle_y": 0.40172349911101424,
      "fovx": 39.79733337979314,
      "fovy": 23.017061030288595
    },
    {
      "file_path": "./images/2.png",
      "transform_matrix": [
        [
          0.916750228382405,
          0.0002553858613738079,
          0.3994608285412601,
          1.9970092114191036
        ],
        [
          -0.10783917984850401,
          -0.9627126156758992,
          0.24810306509205154,
          1.602052902300345
        ],
        [
          0.3846293411200063,
          -0.2705260697170064,
          -0.8825394696856675,
          -3.107309437600762
        ],
        [
          0.0,
          0.0,
          0.0,
          1.0
        ]
      ],
      "w": 3840.0,
      "h": 2160.0,
      "fl_x": 3598.6829735390647,
      "fl_y": 3598.6829735390647,
      "k1": -0.15617109002496457,
      "k2": 0,
      "k3": 0,
      "k4": 0,
      "p1": 0,
      "p2": 0,
      "cx": 1920.0,
      "cy": 1080.0,
      "is_fisheye": false,
      "camera_angle_x": 0.9802185513952295,
      "camera_angle_y": 0.5831150367605197,
      "fovx": 56.162385995374024,
      "fovy": 33.41003057699363
    },
    {
      "file_path": "./images/20.png",
      "transform_matrix": [
        [
          -0.974118454158137,
          0.04332344779233639,
          0.22184750649927487,
          1.2490450383079739
        ],
        [
          -0.09225272853856333,
          -0.972198348779993,
          -0.21522036313194243,
          -0.49279310944502386
        ],
        [
          0.2063556913335594,
          -0.23011616523147546,
          0.9510330589172011,
          3.7301050072704287
        ],
        [
          0.0,
          0.0,
          0.0,
          1.0
        ]
      ],
      "w": 3840.0,
      "h": 2160.0,
      "fl_x": 3077.5761856676086,
      "fl_y": 3077.5761856676086,
      "k1": -0.18504604241440967,
      "k2": 0,
      "k3": 0,
      "k4": 0,
      "p1": 0,
      "p2": 0,
      "cx": 1920.0,
      "cy": 1080.0,
      "is_fisheye": false,
      "camera_angle_x": 1.1155691493547808,
      "camera_angle_y": 0.6749981825868276,
      "fovx": 63.917404013028325,
      "fovy": 38.67454704122616
    },
    {
      "file_path": "./images/21.png",
      "transform_matrix": [
        [
          -0.9990705763538417,
          0.04040455719307379,
          -0.015015166400494703,
          0.29731120070887695
        ],
        [
          -0.0363226462094618,
          -0.9767151240671519,
          -0.2114432117397726,
          -0.5373574373637369
        ],
        [
          -0.02320880945557497,
          -0.2107013008420206,
          0.9772749423714574,
          3.843204281296176
        ],
        [
          0.0,
          0.0,
          0.0,
          1.0
        ]
      ],
      "w": 3840.0,
      "h": 2160.0,
      "fl_x": 5307.308200997058,
      "fl_y": 5307.308200997058,
      "k1": -0.06856275558089521,
      "k2": 0,
      "k3": 0,
      "k4": 0,
      "p1": 0,
      "p2": 0,
      "cx": 1920.0,
      "cy": 1080.0,
      "is_fisheye": false,
      "camera_angle_x": 0.6942349511820337,
      "camera_angle_y": 0.401503868477427,
      "fovx": 39.776732693201275,
      "fovy": 23.004477121932258
    },
    {
      "file_path": "./images/22.png",
      "transform_matrix": [
        [
          -0.9441126567371774,
          0.031337957668086405,
          -0.3281298886079448,
          -0.8308158991087151
        ],
        [
          0.04395300063666233,
          -0.9746120173812591,
          -0.2195439575826805,
          -0.5216509648906147
        ],
        [
          -0.32667939194828716,
          -0.2216965222668716,
          0.9187661437444635,
          3.6587995226607997
        ],
        [
          0.0,
          0.0,
          0.0,
          1.0
        ]
      ],
      "w": 3840.0,
      "h": 2160.0,
      "fl_x": 3149.3643726861424,
      "fl_y": 3149.3643726861424,
      "k1": -0.18394192693503947,
      "k2": 0,
      "k3": 0,
      "k4": 0,
      "p1": 0,
      "p2": 0,
      "cx": 1920.0,
      "cy": 1080.0,
      "is_fisheye": false,
      "camera_angle_x": 1.0949651561242473,
      "camera_angle_y": 0.6607185454712089,
      "fovx": 62.73688215980263,
      "fovy": 37.85638410152284
    },
    {
      "file_path": "./images/23.png",
      "transform_matrix": [
        [
          -0.8410286964346593,
          0.056639643538008905,
          -0.538017362687585,
          -1.6440555923521618
        ],
        [
          0.053272131746276895,
          -0.9810001777993392,
          -0.1865495407039967,
          -0.44591781405122954
        ],
        [
          -0.5383612279433062,
          -0.1855548488656443,
          0.8220319861841283,
          3.271531989864932
        ],
        [
          0.0,
          0.0,
          0.0,
          1.0
        ]
      ],
      "w": 3840.0,
      "h": 2160.0,
      "fl_x": 5306.435236466387,
      "fl_y": 5306.435236466387,
      "k1": -0.07374921759361727,
      "k2": 0,
      "k3": 0,
      "k4": 0,
      "p1": 0,
      "p2": 0,
      "cx": 1920.0,
      "cy": 1080.0,
      "is_fisheye": false,
      "camera_angle_x": 0.6943402026361248,
      "camera_angle_y": 0.40156815927895984,
      "fovx": 39.78276315730831,
      "fovy": 23.008160713521608
    },
    {
      "file_path": "./images/24.png",
      "transform_matrix": [
        [
          -0.649216156872717,
          0.03904461971233935,
          -0.7596011448957526,
          -2.424845105366383
        ],
        [
          0.12648534777793488,
          -0.9792337146466967,
          -0.1584385966130928,
          -0.3092111581538627
        ],
        [
          -0.7500132255186666,
          -0.1989393117781156,
          0.630795776599951,
          2.557282590444869
        ],
        [
          0.0,
          0.0,
          0.0,
          1.0
        ]
      ],
      "w": 3840.0,
      "h": 2160.0,
      "fl_x": 3093.799274741112,
      "fl_y": 3093.799274741112,
      "k1": -0.18242064499593477,
      "k2": 0,
      "k3": 0,
      "k4": 0,
      "p1": 0,
      "p2": 0,
      "cx": 1920.0,
      "cy": 1080.0,
      "is_fisheye": false,
      "camera_angle_x": 1.110852502181396,
      "camera_angle_y": 0.6717195067820423,
      "fovx": 63.64716003654106,
      "fovy": 38.486692755220304
    },
    {
      "file_path": "./images/25.png",
      "transform_matrix": [
        [
          -0.48094215623346487,
          0.01784627847955397,
          -0.8765706775280222,
          -2.869757781660073
        ],
        [
          0.20081926358488558,
          -0.9709709211327289,
          -0.12995035085710316,
          -0.1711914760524363
        ],
        [
          -0.8534437683472356,
          -0.23853087988579208,
          0.46339697194757345,
          1.9000314047845404
        ],
        [
          0.0,
          0.0,
          0.0,
          1.0
        ]
      ],
      "w": 3840.0,
      "h": 2160.0,
      "fl_x": 5307.88888617594,
      "fl_y": 5307.88888617594,
      "k1": -0.08430983052770413,
      "k2": 0,
      "k3": 0,
      "k4": 0,
      "p1": 0,
      "p2": 0,
      "cx": 1920.0,
      "cy": 1080.0,
      "is_fisheye": false,
      "camera_angle_x": 0.6941649561752561,
      "camera_angle_y": 0.401461114279947,
      "fovx": 39.77272227472593,
      "fovy": 23.00202748686019
    },
    {
      "file_path": "./images/26.png",
      "transform_matrix": [
        [
          -0.2361257118233393,
          0.025102113865935326,
          -0.9713982355838321,
          -3.2079323459226883
        ],
        [
          0.19249802352574488,
          -0.9786463971426276,
          -0.07208148374191825,
          0.0568870485794411
        ],
        [
          -0.9524647810573376,
          -0.2040125320641266,
          0.22625146984313863,
          0.8695538152168295
        ],
        [
          0.0,
          0.0,
          0.0,
          1.0
        ]
      ],
      "w": 3840.0,
      "h": 2160.0,
      "fl_x": 3075.317667665762,
      "fl_y": 3075.317667665762,
      "k1": -0.19437996713160274,
      "k2": 0,
      "k3": 0,
      "k4": 0,
      "p1": 0,
      "p2": 0,
      "cx": 1920.0,
      "cy": 1080.0,
      "is_fisheye": false,
      "camera_angle_x": 1.1162286245777784,
      "camera_angle_y": 0.6754570701310199,
      "fovx": 63.955189159999534,
      "fovy": 38.7008393607795
    },
    {
      "file_path": "./images/27.png",
      "transform_matrix": [
        [
          -0.02130943034940074,
          0.016699506826959122,
          -0.999633450145562,
          -3.3368914094815616
        ],
        [
          0.2307455630656264,
          -0.9727838010531775,
          -0.021169826028072165,
          0.22502443256259244
        ],
        [
          -0.9727807529467832,
          -0.23111210024632672,
          0.016876131547863077,
          0.05241949662213318
        ],
        [
          0.0,
          0.0,
          0.0,
          1.0
        ]
      ],
      "w": 3840.0,
      "h": 2160.0,
      "fl_x": 5298.997421382168,
      "fl_y": 5298.997421382168,
      "k1": -0.07740671049710314,
      "k2": 0,
      "k3": 0,
      "k4": 0,
      "p1": 0,
      "p2": 0,
      "cx": 1920.0,
      "cy": 1080.0,
      "is_fisheye": false,
      "camera_angle_x": 0.6952382073651033,
      "camera_angle_y": 0.40211675336440506,
      "fovx": 39.83421503826157,
      "fovy": 23.039592839283454
    },
    {
      "file_path": "./images/28.png",
      "transform_matrix": [
        [
          0.27796426205891267,
          0.030173286198498437,
          -0.960117410433759,
          -3.130442465863361
        ],
        [
          0.24740879752118392,
          -0.9680346079613827,
          0.041205396469079246,
          0.467642848459601
        ],
        [
          -0.9281835787855578,
          -0.2489951216169419,
          -0.27654416190510756,
          -1.0046033261069347
        ],
        [
          0.0,
          0.0,
          0.0,
          1.0
        ]
      ],
      "w": 3840.0,
      "h": 2160.0,
      "fl_x": 3069.2508261932567,
      "fl_y": 3069.2508261932567,
      "k1": -0.18533600845818968,
      "k2": 0,
      "k3": 0,
      "k4": 0,
      "p1": 0,
      "p2": 0,
      "cx": 1920.0,
      "cy": 1080.0,
      "is_fisheye": false,
      "camera_angle_x": 1.1180035651388087,
      "camera_angle_y": 0.6766927117068026,
      "fovx": 64.05688576303316,
      "fovy": 38.77163640806274
    },
    {
      "file_path": "./images/29.png",
      "transform_matrix": [
        [
          0.5185484455034991,
          0.02960013765013064,
          -0.8545357461902912,
          -2.6728164237189134
        ],
        [
          0.20960631699111476,
          -0.9733071971283022,
          0.09347883127033924,
          0.6774946766178
        ],
        [
          -0.8289588056974392,
          -0.22758939313891927,
          -0.5109113099035228,
          -1.874590550296717
        ],
        [
          0.0,
          0.0,
          0.0,
          1.0
        ]
      ],
      "w": 3840.0,
      "h": 2160.0,
      "fl_x": 5280.594051029835,
      "fl_y": 5280.594051029835,
      "k1": -0.06624356640404865,
      "k2": 0,
      "k3": 0,
      "k4": 0,
      "p1": 0,
      "p2": 0,
      "cx": 1920.0,
      "cy": 1080.0,
      "is_fisheye": false,
      "camera_angle_x": 0.697469745366758,
      "camera_angle_y": 0.40348051509935606,
      "fovx": 39.962072747579434,
      "fovy": 23.11773063095759
    },
    {
      "file_path": "./images/3.png",
      "transform_matrix": [
        [
          0.9995078168871047,
          0.01484278638241354,
          0.02763721538034925,
          0.6970156995231328
        ],
        [
          0.006606613693405415,
          -0.9608220991222037,
          0.2770870738484713,
          1.6439226394341349
        ],
        [
          0.03066719154210052,
          -0.27676810786434214,
          -0.9604472592662815,
          -3.418881960374752
        ],
        [
          0.0,
          0.0,
          0.0,
          1.0
        ]
      ],
      "w": 3840.0,
      "h": 2160.0,
      "fl_x": 5281.165961092111,
      "fl_y": 5281.165961092111,
      "k1": -0.07164573308312705,
      "k2": 0,
      "k3": 0,
      "k4": 0,
      "p1": 0,
      "p2": 0,
      "cx": 1920.0,
      "cy": 1080.0,
      "is_fisheye": false,
      "camera_angle_x": 0.6974001904123358,
      "camera_angle_y": 0.40343799696909943,
      "fovx": 39.95808754224682,
      "fovy": 23.1152945215411
    },
    {
      "file_path": "./images/30.png",
      "transform_matrix": [
        [
          0.7570533698207385,
          -0.0032747010928570637,
          -0.6533448335877587,
          -1.9253324150299096
        ],
        [
          0.11883222235390657,
          -0.9826181383577148,
          0.142620114643238,
          0.880020980933265
        ],
        [
          -0.6424555223309203,
          -0.1856094569335601,
          -0.74350523288228,
          -2.703464550883759
        ],
        [
          0.0,
          0.0,
          0.0,
          1.0
        ]
      ],
      "w": 3840.0,
      "h": 2160.0,
      "fl_x": 3082.711525127913,
      "fl_y": 3082.711525127913,
      "k1": -0.19082104302907058,
      "k2": 0,
      "k3": 0,
      "k4": 0,
      "p1": 0,
      "p2": 0,
      "cx": 1920.0,
      "cy": 1080.0,
      "is_fisheye": false,
      "camera_angle_x": 1.1140722479211231,
      "camera_angle_y": 0.673957008769648,
      "fovx": 63.83163787853266,
      "fovy": 38.61489217576224
    },
    {
      "file_path": "./images/31.png",
      "transform_matrix": [
        [
          0.9545030889027786,
          0.04258299172598785,
          -0.29514495098293453,
          -0.6689036418565804
        ],
        [
          0.10777371595996714,
          -0.9721117553616391,
          0.20828720852681515,
          1.0506286537279754
        ],
        [
          -0.2780443839088189,
          -0.2306196520320354,
          -0.932473000506389,
          -3.323316693370535
        ],
        [
          0.0,
          0.0,
          0.0,
          1.0
        ]
      ],
      "w": 3840.0,
      "h": 2160.0,
      "fl_x": 5285.57550509754,
      "fl_y": 5285.57550509754,
      "k1": -0.08250558477383085,
      "k2": 0,
      "k3": 0,
      "k4": 0,
      "p1": 0,
      "p2": 0,
      "cx": 1920.0,
      "cy": 1080.0,
      "is_fisheye": false,
      "camera_angle_x": 0.6968643539101754,
      "camera_angle_y": 0.40311047002675376,
      "fovx": 39.92738637216398,
      "fovy": 23.096528610067864
    },
    {
      "file_path": "./images/32.png",
      "transform_matrix": [
        [
          0.999114490986588,
          0.02941911049111333,
          0.030079059801176696,
          0.749574673499685
        ],
        [
          0.021967993485784938,
          -0.9744785804832584,
          0.22340300678715613,
          1.1346681309072157
        ],
        [
          0.03588371723803999,
          -0.22254440482125196,
          -0.97426194974449,
          -3.5520483125798488
        ],
        [
          0.0,
          0.0,
          0.0,
          1.0
        ]
      ],
      "w": 3840.0,
      "h": 2160.0,
      "fl_x": 5120.840057241235,
      "fl_y": 5120.840057241235,
      "k1": -0.01911095023602391,
      "k2": 0,
      "k3": 0,
      "k4": 0,
      "p1": 0,
      "p2": 0,
      "cx": 1920.0,
      "cy": 1080.0,
      "is_fisheye": false,
      "camera_angle_x": 0.7174334719941305,
      "camera_angle_y": 0.4157135948850071,
      "fovx": 41.105910026680824,
      "fovy": 23.81863447312219
    },
    {
      "file_path": "./images/33.png",
      "transform_matrix": [
        [
          0.9149568853094632,
          0.07200234817412585,
          0.39707626456666717,
          1.967592443946231
        ],
        [
          -0.010750526610621912,
          -0.9792560183754772,
          0.20234148524956935,
          1.0861387920885675
        ],
        [
          0.40340838390197126,
          -0.18940251406150696,
          -0.8952029733332997,
          -3.242837330081181
        ],
        [
          0.0,
          0.0,
          0.0,
          1.0
        ]
      ],
      "w": 3840.0,
      "h": 2160.0,
      "fl_x": 5276.511236908155,
      "fl_y": 5276.511236908155,
      "k1": -0.08068460184244239,
      "k2": 0,
      "k3": 0,
      "k4": 0,
      "p1": 0,
      "p2": 0,
      "cx": 1920.0,
      "cy": 1080.0,
      "is_fisheye": false,
      "camera_angle_x": 0.697966678726183,
      "camera_angle_y": 0.403784305182829,
      "fovx": 39.99054493177375,
      "fovy": 23.13513652059851
    },
    {
      "file_path": "./images/34.png",
      "transform_matrix": [
        [
          0.7807637889323729,
          0.012473580373049402,
          0.6247017814002472,
          2.7982974406406163
        ],
        [
          -0.1344085032763004,
          -0.9730415715261381,
          0.18741519236435583,
          0.9881341937692939
        ],
        [
          0.6101985415739617,
          -0.23029222712592984,
          -0.7580390689050197,
          -2.7292989359456126
        ],
        [
          0.0,
          0.0,
          0.0,
          1.0
        ]
      ],
      "w": 3840.0,
      "h": 2160.0,
      "fl_x": 5103.68206442707,
      "fl_y": 5103.68206442707,
      "k1": -0.019470059823128032,
      "k2": 0,
      "k3": 0,
      "k4": 0,
      "p1": 0,
      "p2": 0,
      "cx": 1920.0,
      "cy": 1080.0,
      "is_fisheye": false,
      "camera_angle_x": 0.7196428369896559,
      "camera_angle_y": 0.4170710735983521,
      "fovx": 41.23249731632837,
      "fovy": 23.89641227417571
    },
    {
      "file_path": "./images/35.png",
      "transform_matrix": [
        [
          0.45292962083694094,
          0.03199500714507634,
          0.8909719850176498,
          3.7663623593909796
        ],
        [
          -0.1596383512560137,
          -0.980294344485567,
          0.11635546819068684,
          0.7378358466215679
        ],
        [
          0.8771375920440112,
          -0.19493413679342794,
          -0.438896715567381,
          -1.559209661463816
        ],
        [
          0.0,
          0.0,
          0.0,
          1.0
        ]
      ],
      "w": 3840.0,
      "h": 2160.0,
      "fl_x": 5263.467563989066,
      "fl_y": 5263.467563989066,
      "k1": -0.06941545896659987,
      "k2": 0,
      "k3": 0,
      "k4": 0,
      "p1": 0,
      "p2": 0,
      "cx": 1920.0,
      "cy": 1080.0,
      "is_fisheye": false,
      "camera_angle_x": 0.6995588291879961,
      "camera_angle_y": 0.40475787681229736,
      "fovx": 40.081768433585445,
      "fovy": 23.19091806602073
    },
    {
      "file_path": "./images/36.png",
      "transform_matrix": [
        [
          0.07156091576253264,
          0.02439537341049389,
          0.9971378546075712,
          4.2122999596499655
        ],
        [
          -0.24134772059749948,
          -0.9695704552924628,
          0.041041564131476055,
          0.45066001491180013
        ],
        [
          0.9677966279635505,
          -0.24359392024459334,
          -0.06349558191127684,
          -0.22980736282729808
        ],
        [
          0.0,
          0.0,
          0.0,
          1.0
        ]
      ],
      "w": 3840.0,
      "h": 2160.0,
      "fl_x": 5279.49751298595,
      "fl_y": 5279.49751298595,
      "k1": -0.07949214321339484,
      "k2": 0,
      "k3": 0,
      "k4": 0,
      "p1": 0,
      "p2": 0,
      "cx": 1920.0,
      "cy": 1080.0,
      "is_fisheye": false,
      "camera_angle_x": 0.6976031421134622,
      "camera_angle_y": 0.4035620609448715,
      "fovx": 39.969715818166364,
      "fovy": 23.122402863742447
    },
    {
      "file_path": "./images/37.png",
      "transform_matrix": [
        [
          0.1094237631785915,
          -0.1994307050475672,
          0.9737832581925331,
          4.223253631299862
        ],
        [
          -0.20177290120897995,
          -0.9637262838465742,
          -0.17469787108314638,
          -0.055820008041463476
        ],
        [
          0.9733006402903197,
          -0.17736697468103435,
          -0.1456942686002116,
          -0.2962044609204219
        ],
        [
          0.0,
          0.0,
          0.0,
          1.0
        ]
      ],
      "w": 3840.0,
      "h": 2160.0,
      "fl_x": 5282.77871747132,
      "fl_y": 5282.77871747132,
      "k1": -0.08143959602365859,
      "k2": 0,
      "k3": 0,
      "k4": 0,
      "p1": 0,
      "p2": 0,
      "cx": 1920.0,
      "cy": 1080.0,
      "is_fisheye": false,
      "camera_angle_x": 0.6972041207359584,
      "camera_angle_y": 0.403318145665757,
      "fovx": 39.9468535772999,
      "fovy": 23.108427547690432
    },
    {
      "file_path": "./images/38.png",
      "transform_matrix": [
        [
          0.34718433260933085,
          -0.20941049022716066,
          0.9141172166486274,
          3.8863224060913844
        ],
        [
          -0.21462007113374687,
          -0.9666225329638448,
          -0.13992535093079578,
          0.16504783752234417
        ],
        [
          0.9129081357163814,
          -0.1476080124836764,
          -0.3805398933008993,
          -1.285169132683011
        ],
        [
          0.0,
          0.0,
          0.0,
          1.0
        ]
      ],
      "w": 3840.0,
      "h": 2160.0,
      "fl_x": 5709.218211688396,
      "fl_y": 5709.218211688396,
      "k1": 0.057742360671076125,
      "k2": 0,
      "k3": 0,
      "k4": 0,
      "p1": 0,
      "p2": 0,
      "cx": 1920.0,
      "cy": 1080.0,
      "is_fisheye": false,
      "camera_angle_x": 0.6488331739708683,
      "camera_angle_y": 0.37391715538080084,
      "fovx": 37.175402476608255,
      "fovy": 21.42387489085731
    },
    {
      "file_path": "./images/39.png",
      "transform_matrix": [
        [
          0.43784674352586267,
          -0.18660764995817616,
          0.8794701894668653,
          3.7839367459657143
        ],
        [
          -0.17955005191305898,
          -0.9766653625571003,
          -0.1178412000924367,
          0.23504481496046006
        ],
        [
          0.8809381408713186,
          -0.10631253246111054,
          -0.4611351617474969,
          -1.6134249677361348
        ],
        [
          0.0,
          0.0,
          0.0,
          1.0
        ]
      ],
      "w": 3840.0,
      "h": 2160.0,
      "fl_x": 5267.980994117063,
      "fl_y": 5267.980994117063,
      "k1": -0.06797505909273381,
      "k2": 0,
      "k3": 0,
      "k4": 0,
      "p1": 0,
      "p2": 0,
      "cx": 1920.0,
      "cy": 1080.0,
      "is_fisheye": false,
      "camera_angle_x": 0.6990071186471671,
      "camera_angle_y": 0.4044204736969457,
      "fovx": 40.050157748083066,
      "fovy": 23.171586291516512
    },
    {
      "file_path": "./images/4.png",
      "transform_matrix": [
        [
          0.9409814220805641,
          0.02073094975930347,
          -0.3378227212922723,
          -0.7348330166955362
        ],
        [
          0.1167627950862737,
          -0.9567296662487575,
          0.26652353630248493,
          1.5785979703133617
        ],
        [
          -0.3176797333524439,
          -0.29023882138959,
          -0.9026854455321089,
          -3.195706742446462
        ],
        [
          0.0,
          0.0,
          0.0,
          1.0
        ]
      ],
      "w": 3840.0,
      "h": 2160.0,
      "fl_x": 3419.781606455788,
      "fl_y": 3419.781606455788,
      "k1": -0.1766329050074284,
      "k2": 0,
      "k3": 0,
      "k4": 0,
      "p1": 0,
      "p2": 0,
      "cx": 1920.0,
      "cy": 1080.0,
      "is_fisheye": false,
      "camera_angle_x": 1.0231667744494963,
      "camera_angle_y": 0.6117944189182536,
      "fovx": 58.62313791396997,
      "fovy": 35.05323813367458
    },
    {
      "file_path": "./images/40.png",
      "transform_matrix": [
        [
          0.6927311808338285,
          -0.11322005018692266,
          0.7122532775187772,
          3.194363502188436
        ],
        [
          -0.10619011949526605,
          -0.9928487324001738,
          -0.05454404727327498,
          0.4096821466668063
        ],
        [
          0.7133352435020653,
          -0.03784989837554191,
          -0.6998001254435514,
          -2.4592732183913992
        ],
        [
          0.0,
          0.0,
          0.0,
          1.0
        ]
      ],
      "w": 3840.0,
      "h": 2160.0,
      "fl_x": 5226.542347550233,
      "fl_y": 5226.542347550233,
      "k1": -0.014992984281637535,
      "k2": 0,
      "k3": 0,
      "k4": 0,
      "p1": 0,
      "p2": 0,
      "cx": 1920.0,
      "cy": 1080.0,
      "is_fisheye": false,
      "camera_angle_x": 0.70410402627529,
      "camera_angle_y": 0.40753922837801027,
      "fovx": 40.342189043742536,
      "fovy": 23.35027777207818
    },
    {
      "file_path": "./images/41.png",
      "transform_matrix": [
        [
          0.7160456862194223,
          -0.1589169581013872,
          0.6797234552921934,
          3.039097813759727
        ],
        [
          -0.14853444850958283,
          -0.986128498093567,
          -0.07408173090364426,
          0.45324370587669727
        ],
        [
          0.6820675134123532,
          -0.047916444729631524,
          -0.7297176998483466,
          -2.661355647796854
        ],
        [
          0.0,
          0.0,
          0.0,
          1.0
        ]
      ],
      "w": 3840.0,
      "h": 2160.0,
      "fl_x": 5280.217764479099,
      "fl_y": 5280.217764479099,
      "k1": -0.07907260712090818,
      "k2": 0,
      "k3": 0,
      "k4": 0,
      "p1": 0,
      "p2": 0,
      "cx": 1920.0,
      "cy": 1080.0,
      "is_fisheye": false,
      "camera_angle_x": 0.6975155161037059,
      "camera_angle_y": 0.40350849460050525,
      "fovx": 39.96469521763176,
      "fovy": 23.11933373828632
    },
    {
      "file_path": "./images/42.png",
      "transform_matrix": [
        [
          0.883029279555379,
          -0.10566280943905886,
          0.45726869797675124,
          2.247124012497246
        ],
        [
          -0.10592698135819545,
          -0.9940559305974185,
          -0.025145207583971842,
          0.5634434022968073
        ],
        [
          0.45720757437760007,
          -0.026233138309124524,
          -0.8889730346788961,
          -3.213289586979676
        ],
        [
          0.0,
          0.0,
          0.0,
          1.0
        ]
      ],
      "w": 3840.0,
      "h": 2160.0,
      "fl_x": 5067.382437033855,
      "fl_y": 5067.382437033855,
      "k1": -0.03577243877496356,
      "k2": 0,
      "k3": 0,
      "k4": 0,
      "p1": 0,
      "p2": 0,
      "cx": 1920.0,
      "cy": 1080.0,
      "is_fisheye": false,
      "camera_angle_x": 0.7243601432981719,
      "camera_angle_y": 0.4199719572698177,
      "fovx": 41.50277905847677,
      "fovy": 24.062620665409106
    },
    {
      "file_path": "./images/43.png",
      "transform_matrix": [
        [
          0.9161576928916385,
          -0.06944380026379182,
          0.39475643168971025,
          2.0118905068881237
        ],
        [
          -0.06489504288117352,
          -0.9975818704903978,
          -0.024880616518277145,
          0.5858508154272402
        ],
        [
          0.3955296640770714,
          -0.002823167335016428,
          -0.9184488633349585,
          -3.341264620228574
        ],
        [
          0.0,
          0.0,
          0.0,
          1.0
        ]
      ],
      "w": 3840.0,
      "h": 2160.0,
      "fl_x": 5302.55798512488,
      "fl_y": 5302.55798512488,
      "k1": -0.08042532849557917,
      "k2": 0,
      "k3": 0,
      "k4": 0,
      "p1": 0,
      "p2": 0,
      "cx": 1920.0,
