{
  "frames": [
    {
      "file_path": "./images/0.png",
      "transform_matrix": [
        [
          -0.45927590300671145,
          0.0011325214953561182,
          -0.8882929484761387,
          -3.7367610264445896
        ],
        [
          -0.07972543412413223,
          -0.9960159604493828,
          0.03995074071669219,
          0.7847857908373195
        ],
        [
          -0.8847087091642579,
          0.08916795346511137,
          0.4575364204123594,
          1.760576438275939
        ],
        [
          0.0,
          0.0,
          0.0,
          1.0
        ]
      ],
      "w": 3840.0,
      "h": 2160.0,
      "fl_x": 5287.510618832785,
      "fl_y": 5287.510618832785,
      "k1": -0.07078392388427339,
      "k2": 0,
      "k3": 0,
      "k4": 0,
      "p1": 0,
      "p2": 0,
      "cx": 1920.0,
      "cy": 1080.0,
      "is_fisheye": false,
      "camera_angle_x": 0.6966294531199001,
      "camera_angle_y": 0.402966901476854,
      "fovx": 39.91392754827692,
      "fovy": 23.088302738087794
    },
    {
      "file_path": "./images/1.png",
      "transform_matrix": [
        [
          -0.7296326186750139,
          -0.02425672521898857,
          -0.6834089939758562,
          -3.0108776617285793
        ],
        [
          -0.029368989841756708,
          -0.9973370963211021,
          0.06675461585139375,
          0.8100063241055686
        ],
        [
          -0.6832083900254123,
          0.06877737697413912,
          0.7269772817739497,
          2.7167549302520575
        ],
        [
          0.0,
          0.0,
          0.0,
          1.0
        ]
      ],
      "w": 3840.0,
      "h": 2160.0,
      "fl_x": 5288.938009263573,
      "fl_y": 5288.938009263573,
      "k1": -0.07065429590604821,
      "k2": 0,
      "k3": 0,
      "k4": 0,
      "p1": 0,
      "p2": 0,
      "cx": 1920.0,
      "cy": 1080.0,
      "is_fisheye": false,
      "camera_angle_x": 0.6964562814896412,
      "camera_angle_y": 0.4028610661961704,
      "fovx": 39.90400554473168,
      "fovy": 23.082238823181044
    },
    {
      "file_path": "./images/10.png",
      "transform_matrix": [
        [
          0.6573394466920973,
          0.0461766794865569,
          0.752178546685641,
          2.3947319612670785
        ],
        [
          -0.00652238603334478,
          -0.9977349100393703,
          0.06695153298589702,
          0.8641036915907525
        ],
        [
          0.7535663940907658,
          -0.048915882495621246,
          -0.6555493315813198,
          -2.60599491138416
        ],
        [
          0.0,
          0.0,
          0.0,
          1.0
        ]
      ],
      "w": 3840.0,
      "h": 2160.0,
      "fl_x": 3933.267589801985,
      "fl_y": 3933.267589801985,
      "k1": -0.14361821460678875,
      "k2": 0,
      "k3": 0,
      "k4": 0,
      "p1": 0,
      "p2": 0,
      "cx": 1920.0,
      "cy": 1080.0,
      "is_fisheye": false,
      "camera_angle_x": 0.9082354047827754,
      "camera_angle_y": 0.5359529973063474,
      "fovx": 52.03805549840897,
      "fovy": 30.707844763040082
    },
    {
      "file_path": "./images/11.png",
      "transform_matrix": [
        [
          0.8740663740625512,
          0.04054969800403888,
          0.48411124313005344,
          1.4705061535369361
        ],
        [
          0.016346606661573206,
          -0.9984009931389116,
          0.054113264084572614,
          0.8293143140806775
        ],
        [
          0.4855314224474007,
          -0.03938500845519943,
          -0.8733315858968962,
          -3.3598296597622754
        ],
        [
          0.0,
          0.0,
          0.0,
          1.0
        ]
      ],
      "w": 3840.0,
      "h": 2160.0,
      "fl_x": 5294.204650792409,
      "fl_y": 5294.204650792409,
      "k1": -0.07458137537035944,
      "k2": 0,
      "k3": 0,
      "k4": 0,
      "p1": 0,
      "p2": 0,
      "cx": 1920.0,
      "cy": 1080.0,
      "is_fisheye": false,
      "camera_angle_x": 0.6958180441663223,
      "camera_angle_y": 0.4024710398419203,
      "fovx": 39.86743723977778,
      "fovy": 23.059891959183638
    },
    {
      "file_path": "./images/12.png",
      "transform_matrix": [
        [
          0.9781665907198601,
          0.029240074546078243,
          0.20575504572191072,
          0.33936094658615007
        ],
        [
          0.01935451603338342,
          -0.9985668991649406,
          0.049895396593563485,
          0.8157329517548799
        ],
        [
          0.20691912310997088,
          -0.044823720647167054,
          -0.9773307068534915,
          -3.736615298106965
        ],
        [
          0.0,
          0.0,
          0.0,
          1.0
        ]
      ],
      "w": 3840.0,
      "h": 2160.0,
      "fl_x": 3074.615214555826,
      "fl_y": 3074.615214555826,
      "k1": -0.1893020784067231,
      "k2": 0,
      "k3": 0,
      "k4": 0,
      "p1": 0,
      "p2": 0,
      "cx": 1920.0,
      "cy": 1080.0,
      "is_fisheye": false,
      "camera_angle_x": 1.1164338792717627,
      "camera_angle_y": 0.6755999174896172,
      "fovx": 63.966949387690086,
      "fovy": 38.70902391154172
    },
    {
      "file_path": "./images/13.png",
      "transform_matrix": [
        [
          0.9968985177367318,
          0.00523826736448713,
          -0.07852328246657347,
          -0.7367941868412118
        ],
        [
          0.00854464173521357,
          -0.9990881933775276,
          0.04183026358087049,
          0.7767517040758236
        ],
        [
          -0.07823256631303861,
          -0.042371481076856427,
          -0.9960342981842691,
          -3.8817845112924245
        ],
        [
          0.0,
          0.0,
          0.0,
          1.0
        ]
      ],
      "w": 3840.0,
      "h": 2160.0,
      "fl_x": 5302.7262153576485,
      "fl_y": 5302.7262153576485,
      "k1": -0.06877117358723567,
      "k2": 0,
      "k3": 0,
      "k4": 0,
      "p1": 0,
      "p2": 0,
      "cx": 1920.0,
      "cy": 1080.0,
      "is_fisheye": false,
      "camera_angle_x": 0.694787732967513,
      "camera_angle_y": 0.40184154241702913,
      "fovx": 39.80840475650094,
      "fovy": 23.02382441352302
    },
    {
      "file_path": "./images/14.png",
      "transform_matrix": [
        [
          0.9101757991599418,
          -0.018198489358294927,
          -0.41382221981019496,
          -1.996078194532484
        ],
        [
          0.00016421952734392824,
          -0.9990184983579375,
          0.044294615593749344,
          0.7697991787832376
        ],
        [
          -0.414222147712442,
          -0.04038384483586487,
          -0.9092794715711802,
          -3.4549475442652917
        ],
        [
          0.0,
          0.0,
          0.0,
          1.0
        ]
      ],
      "w": 3840.0,
      "h": 2160.0,
      "fl_x": 3876.404691636196,
      "fl_y": 3876.404691636196,
      "k1": -0.13586270514162466,
      "k2": 0,
      "k3": 0,
      "k4": 0,
      "p1": 0,
      "p2": 0,
      "cx": 1920.0,
      "cy": 1080.0,
      "is_fisheye": false,
      "camera_angle_x": 0.9197680315747582,
      "camera_angle_y": 0.5434361366183673,
      "fovx": 52.69882634028909,
      "fovy": 31.136597063127258
    },
    {
      "file_path": "./images/15.png",
      "transform_matrix": [
        [
          0.7586642062088867,
          -0.077418059132441,
          -0.646865570530389,
          -2.915867158565683
        ],
        [
          -0.07011360539885969,
          -0.9968498614075988,
          0.03707338869896379,
          0.7507951856519391
        ],
        [
          -0.6476980041311018,
          0.01722782434950305,
          -0.7617023680629921,
          -2.9306792543867513
        ],
        [
          0.0,
          0.0,
          0.0,
          1.0
        ]
      ],
      "w": 3840.0,
      "h": 2160.0,
      "fl_x": 5308.371815961307,
      "fl_y": 5308.371815961307,
      "k1": -0.07144110237117261,
      "k2": 0,
      "k3": 0,
      "k4": 0,
      "p1": 0,
      "p2": 0,
      "cx": 1920.0,
      "cy": 1080.0,
      "is_fisheye": false,
      "camera_angle_x": 0.6941067547856876,
      "camera_angle_y": 0.4014255643750913,
      "fovx": 39.769387580741856,
      "fovy": 22.999990627349863
    },
    {
      "file_path": "./images/16.png",
      "transform_matrix": [
        [
          0.45533251433313393,
          -0.026371447063635162,
          -0.8899308108897207,
          -3.910287801701205
        ],
        [
          -0.0018288892694532765,
          -0.9995868233270896,
          0.028685149379038526,
          0.7491910746681174
        ],
        [
          -0.8903195811365188,
          -0.011433696280187087,
          -0.45519261201634853,
          -1.7773646840341921
        ],
        [
          0.0,
          0.0,
          0.0,
          1.0
        ]
      ],
      "w": 3840.0,
      "h": 2160.0,
      "fl_x": 3828.5221134010235,
      "fl_y": 3828.5221134010235,
      "k1": -0.143576377473753,
      "k2": 0,
      "k3": 0,
      "k4": 0,
      "p1": 0,
      "p2": 0,
      "cx": 1920.0,
      "cy": 1080.0,
      "is_fisheye": false,
      "camera_angle_x": 0.9296921748980691,
      "camera_angle_y": 0.5498973138427536,
      "fovx": 53.267437867997735,
      "fovy": 31.506795248770647
    },
    {
      "file_path": "./images/17.png",
      "transform_matrix": [
        [
          0.501660871006173,
          0.006113624280176103,
          -0.8650427700983858,
          -3.765894038369326
        ],
        [
          -0.014813947048355236,
          -0.9997676791707214,
          -0.015656776757628107,
          0.21440290482785998
        ],
        [
          -0.8649375222952097,
          0.020669090056180936,
          -0.5014537578302439,
          -1.9574882833951048
        ],
        [
          0.0,
          0.0,
          0.0,
          1.0
        ]
      ],
      "w": 3840.0,
      "h": 2160.0,
      "fl_x": 5318.90986614847,
      "fl_y": 5318.90986614847,
      "k1": -0.07504237266962598,
      "k2": 0,
      "k3": 0,
      "k4": 0,
      "p1": 0,
      "p2": 0,
      "cx": 1920.0,
      "cy": 1080.0,
      "is_fisheye": false,
      "camera_angle_x": 0.6928390653150248,
      "camera_angle_y": 0.400651370633728,
      "fovx": 39.69675432433971,
      "fovy": 22.955632593444307
    },
    {
      "file_path": "./images/18.png",
      "transform_matrix": [
        [
          0.7410064490535622,
          0.012339400402378691,
          -0.6713845259303647,
          -2.9617774917875876
        ],
        [
          0.007201904937380943,
          -0.99991968286792,
          -0.010428824410801252,
          0.22248133402259976
        ],
        [
          -0.6714592876908501,
          0.002892578612271885,
          -0.7410358007294036,
          -2.8229144851053105
        ],
        [
          0.0,
          0.0,
          0.0,
          1.0
        ]
      ],
      "w": 3840.0,
      "h": 2160.0,
      "fl_x": 4404.134926312936,
      "fl_y": 4404.134926312936,
      "k1": -0.09387324060105358,
      "k2": 0,
      "k3": 0,
      "k4": 0,
      "p1": 0,
      "p2": 0,
      "cx": 1920.0,
      "cy": 1080.0,
      "is_fisheye": false,
      "camera_angle_x": 0.8222240673114228,
      "camera_angle_y": 0.4809573337707629,
      "fovx": 47.109968871025046,
      "fovy": 27.556825350929575
    },
    {
      "file_path": "./images/19.png",
      "transform_matrix": [
        [
          0.8804658861508546,
          0.012970498274251138,
          -0.47393205156341534,
          -2.2390751292564537
        ],
        [
          0.007120471796911449,
          -0.9998747272295532,
          -0.014136078983090246,
          0.22662504161982547
        ],
        [
          -0.47405603277036723,
          0.009071715501735342,
          -0.8804479438171665,
          -3.357171731465663
        ],
        [
          0.0,
          0.0,
          0.0,
          1.0
        ]
      ],
      "w": 3840.0,
      "h": 2160.0,
      "fl_x": 5301.014563627463,
      "fl_y": 5301.014563627463,
      "k1": -0.07138875918496705,
      "k2": 0,
      "k3": 0,
      "k4": 0,
      "p1": 0,
      "p2": 0,
      "cx": 1920.0,
      "cy": 1080.0,
      "is_fisheye": false,
      "camera_angle_x": 0.6949944475009348,
      "camera_angle_y": 0.40196782807170156,
      "fovx": 39.82024862683003,
      "fovy": 23.031060048548795
    },
    {
      "file_path": "./images/2.png",
      "transform_matrix": [
        [
          -0.9250916767680858,
          0.04119351071273538,
          -0.3775029592593549,
          -1.9362932812612623
        ],
        [
          -0.06260368571754192,
          -0.9970407324523319,
          0.044615651575391206,
          0.8441385554686833
        ],
        [
          -0.37454795168174343,
          0.06490664454489406,
          0.9249329485886706,
          3.4040900113766495
        ],
        [
          0.0,
          0.0,
          0.0,
          1.0
        ]
      ],
      "w": 3840.0,
      "h": 2160.0,
      "fl_x": 3609.902513268367,
      "fl_y": 3609.902513268367,
      "k1": -0.15602305967542437,
      "k2": 0,
      "k3": 0,
      "k4": 0,
      "p1": 0,
      "p2": 0,
      "cx": 1920.0,
      "cy": 1080.0,
      "is_fisheye": false,
      "camera_angle_x": 0.9776352182259058,
      "camera_angle_y": 0.5814032549269816,
      "fovx": 56.014371907695626,
      "fovy": 33.31195270248473
    },
    {
      "file_path": "./images/20.png",
      "transform_matrix": [
        [
          0.9690465962863505,
          -0.003749796767345962,
          -0.24684941411727576,
          -1.3470549091525477
        ],
        [
          -0.009596584700621792,
          -0.9997010792464958,
          -0.022486834269751482,
          0.24395010642865203
        ],
        [
          -0.2466913046459532,
          0.024159701521233243,
          -0.968792913389896,
          -3.682265535204976
        ],
        [
          0.0,
          0.0,
          0.0,
          1.0
        ]
      ],
      "w": 3840.0,
      "h": 2160.0,
      "fl_x": 3071.404656832149,
      "fl_y": 3071.404656832149,
      "k1": -0.18391053473159216,
      "k2": 0,
      "k3": 0,
      "k4": 0,
      "p1": 0,
      "p2": 0,
      "cx": 1920.0,
      "cy": 1080.0,
      "is_fisheye": false,
      "camera_angle_x": 1.1173728541610684,
      "camera_angle_y": 0.6762535408015,
      "fovx": 64.02074868591606,
      "fovy": 38.746473768703964
    },
    {
      "file_path": "./images/21.png",
      "transform_matrix": [
        [
          0.9999326407547369,
          -0.00138688505736278,
          -0.011523476172406103,
          -0.41004424205645645
        ],
        [
          -0.00143776432984516,
          -0.9999892504189384,
          -0.004408160648367635,
          0.2587104748367067
        ],
        [
          -0.011517238687731197,
          0.0044244317609898704,
          -0.9999238859116237,
          -3.8369213835897673
        ],
        [
          0.0,
          0.0,
          0.0,
          1.0
        ]
      ],
      "w": 3840.0,
      "h": 2160.0,
      "fl_x": 5306.154836692064,
      "fl_y": 5306.154836692064,
      "k1": -0.06928878985185559,
      "k2": 0,
      "k3": 0,
      "k4": 0,
      "p1": 0,
      "p2": 0,
      "cx": 1920.0,
      "cy": 1080.0,
      "is_fisheye": false,
      "camera_angle_x": 0.6943740163310205,
      "camera_angle_y": 0.4015888140572315,
      "fovx": 39.78470053931557,
      "fovy": 23.009344145143352
    },
    {
      "file_path": "./images/22.png",
      "transform_matrix": [
        [
          0.9528531058465808,
          0.008103115151927512,
          0.30332375146591944,
          0.7102568219395106
        ],
        [
          0.012332769743109115,
          -0.9998515632355173,
          -0.012031387532440452,
          0.28082703794169694
        ],
        [
          0.3031812353510482,
          0.01520496696237496,
          -0.9528116012678923,
          -3.676180312444702
        ],
        [
          0.0,
          0.0,
          0.0,
          1.0
        ]
      ],
      "w": 3840.0,
      "h": 2160.0,
      "fl_x": 3146.273702056156,
      "fl_y": 3146.273702056156,
      "k1": -0.18509284122858546,
      "k2": 0,
      "k3": 0,
      "k4": 0,
      "p1": 0,
      "p2": 0,
      "cx": 1920.0,
      "cy": 1080.0,
      "is_fisheye": false,
      "camera_angle_x": 1.0958381265382875,
      "camera_angle_y": 0.6613213220423696,
      "fovx": 62.786899680166925,
      "fovy": 37.89092065503972
    },
    {
      "file_path": "./images/23.png",
      "transform_matrix": [
        [
          0.8569983879805241,
          -0.018309213049290472,
          0.5149937239581649,
          1.5280458711908038
        ],
        [
          -0.026283076312567544,
          -0.9996209187159544,
          0.008198705081859605,
          0.30581467247224425
        ],
        [
          0.5146483876379394,
          -0.02056189638596721,
          -0.8571547383749809,
          -3.3152261459993726
        ],
        [
          0.0,
          0.0,
          0.0,
          1.0
        ]
      ],
      "w": 3840.0,
      "h": 2160.0,
      "fl_x": 5303.137140418456,
      "fl_y": 5303.137140418456,
      "k1": -0.07221610375404232,
      "k2": 0,
      "k3": 0,
      "k4": 0,
      "p1": 0,
      "p2": 0,
      "cx": 1920.0,
      "cy": 1080.0,
      "is_fisheye": false,
      "camera_angle_x": 0.6947381235040168,
      "camera_angle_y": 0.4018112360198996,
      "fovx": 39.8055623436187,
      "fovy": 23.02208798487525
    },
    {
      "file_path": "./images/24.png",
      "transform_matrix": [
        [
          0.6705613894369293,
          -0.0004181231120775059,
          0.7418539264366523,
          2.326150098529649
        ],
        [
          -0.005810556142852862,
          -0.9999721270549045,
          0.004688555278671492,
          0.32199664033412195
        ],
        [
          0.7418312883895675,
          -0.00745454803147381,
          -0.6705451284439555,
          -2.619412751782461
        ],
        [
          0.0,
          0.0,
          0.0,
          1.0
        ]
      ],
      "w": 3840.0,
      "h": 2160.0,
      "fl_x": 3093.3114153811566,
      "fl_y": 3093.3114153811566,
      "k1": -0.1824724985801129,
      "k2": 0,
      "k3": 0,
      "k4": 0,
      "p1": 0,
      "p2": 0,
      "cx": 1920.0,
      "cy": 1080.0,
      "is_fisheye": false,
      "camera_angle_x": 1.1109938201849041,
      "camera_angle_y": 0.6718176558740959,
      "fovx": 63.655256961711295,
      "fovy": 38.49231628395802
    },
    {
      "file_path": "./images/25.png",
      "transform_matrix": [
        [
          0.5035384247326107,
          0.021970326282707932,
          0.8636934407420447,
          2.790046467801589
        ],
        [
          0.038878782986561826,
          -0.9992401453553258,
          0.0027517528506650676,
          0.33830785852474904
        ],
        [
          0.8630976161775007,
          0.0321937365538495,
          -0.5040099882694952,
          -1.9676469475134182
        ],
        [
          0.0,
          0.0,
          0.0,
          1.0
        ]
      ],
      "w": 3840.0,
      "h": 2160.0,
      "fl_x": 5313.610769578527,
      "fl_y": 5313.610769578527,
      "k1": -0.08740547872949025,
      "k2": 0,
      "k3": 0,
      "k4": 0,
      "p1": 0,
      "p2": 0,
      "cx": 1920.0,
      "cy": 1080.0,
      "is_fisheye": false,
      "camera_angle_x": 0.6934759716180181,
      "camera_angle_y": 0.4010403081420763,
      "fovx": 39.7332463674465,
      "fovy": 22.977917071167
    },
    {
      "file_path": "./images/26.png",
      "transform_matrix": [
        [
          0.26226840999766804,
          0.013163550692917698,
          0.9649051777508763,
          3.1708734929641906
        ],
        [
          0.0006528322003410686,
          -0.9999091479554032,
          0.013463641603132197,
          0.35802521156850187
        ],
        [
          0.9649947434713898,
          -0.0029011667057203417,
          -0.2622531759661498,
          -0.9294719642295337
        ],
        [
          0.0,
          0.0,
          0.0,
          1.0
        ]
      ],
      "w": 3840.0,
      "h": 2160.0,
      "fl_x": 3090.295677866748,
      "fl_y": 3090.295677866748,
      "k1": -0.1970340780760796,
      "k2": 0,
      "k3": 0,
      "k4": 0,
      "p1": 0,
      "p2": 0,
      "cx": 1920.0,
      "cy": 1080.0,
      "is_fisheye": false,
      "camera_angle_x": 1.1118681022345103,
      "camera_angle_y": 0.672424984540917,
      "fovx": 63.705349633257775,
      "fovy": 38.52711365334417
    },
    {
      "file_path": "./images/27.png",
      "transform_matrix": [
        [
          0.047351519677605446,
          0.022765729848566923,
          0.9986188237404114,
          3.3121384855744256
        ],
        [
          0.0257525479717729,
          -0.9994357571881608,
          0.021563244808919482,
          0.3618055288364429
        ],
        [
          0.998546263253327,
          0.02469592675300781,
          -0.04791107747303538,
          -0.10062238115501732
        ],
        [
          0.0,
          0.0,
          0.0,
          1.0
        ]
      ],
      "w": 3840.0,
      "h": 2160.0,
      "fl_x": 5307.8093146371375,
      "fl_y": 5307.8093146371375,
      "k1": -0.07604194332168841,
      "k2": 0,
      "k3": 0,
      "k4": 0,
      "p1": 0,
      "p2": 0,
      "cx": 1920.0,
      "cy": 1080.0,
      "is_fisheye": false,
      "camera_angle_x": 0.694174546820264,
      "camera_angle_y": 0.4014669723748152,
      "fovx": 39.773271778207686,
      "fovy": 23.002363130972125
    },
    {
      "file_path": "./images/28.png",
      "transform_matrix": [
        [
          -0.25354929019106065,
          0.009760028180403604,
          0.9672732288725494,
          3.134187262550726
        ],
        [
          0.03967884187904273,
          -0.9990025592506931,
          0.02048111612445653,
          0.372716384178118
        ],
        [
          0.9665083274088989,
          0.043573253957941635,
          0.2529091231821609,
          0.9845988862119835
        ],
        [
          0.0,
          0.0,
          0.0,
          1.0
        ]
      ],
      "w": 3840.0,
      "h": 2160.0,
      "fl_x": 3075.9500270477893,
      "fl_y": 3075.9500270477893,
      "k1": -0.1878305504895969,
      "k2": 0,
      "k3": 0,
      "k4": 0,
      "p1": 0,
      "p2": 0,
      "cx": 1920.0,
      "cy": 1080.0,
      "is_fisheye": false,
      "camera_angle_x": 1.1160439087586953,
      "camera_angle_y": 0.6753285263608667,
      "fovx": 63.94460572315677,
      "fovy": 38.69347434526702
    },
    {
      "file_path": "./images/29.png",
      "transform_matrix": [
        [
          -0.49602542116464027,
          0.009874153184386388,
          0.8682518543932581,
          2.7080480400443987
        ],
        [
          0.01357468986888001,
          -0.9997249540114541,
          0.01912443781551945,
          0.380037964567939
        ],
        [
          0.8682018828322156,
          0.021272456973448466,
          0.49575495279513626,
          1.8915030409429807
        ],
        [
          0.0,
          0.0,
          0.0,
          1.0
        ]
      ],
      "w": 3840.0,
      "h": 2160.0,
      "fl_x": 5291.664962040724,
      "fl_y": 5291.664962040724,
      "k1": -0.060310288428266405,
      "k2": 0,
      "k3": 0,
      "k4": 0,
      "p1": 0,
      "p2": 0,
      "cx": 1920.0,
      "cy": 1080.0,
      "is_fisheye": false,
      "camera_angle_x": 0.6961256758909057,
      "camera_angle_y": 0.40265902596068776,
      "fovx": 39.885063239240736,
      "fovy": 23.07066277039606
    },
    {
      "file_path": "./images/3.png",
      "transform_matrix": [
        [
          -0.999639083989732,
          0.02648869332775191,
          -0.004477821563839993,
          -0.6337226186932174
        ],
        [
          -0.026741605403251854,
          -0.997071229183935,
          0.07165089304463569,
          0.8741027859163227
        ],
        [
          -0.002566768518205364,
          0.07174477722751227,
          0.9974197203985633,
          3.7008442828864183
        ],
        [
          0.0,
          0.0,
          0.0,
          1.0
        ]
      ],
      "w": 3840.0,
      "h": 2160.0,
      "fl_x": 5306.027438086893,
      "fl_y": 5306.027438086893,
      "k1": -0.07897641206215335,
      "k2": 0,
      "k3": 0,
      "k4": 0,
      "p1": 0,
      "p2": 0,
      "cx": 1920.0,
      "cy": 1080.0,
      "is_fisheye": false,
      "camera_angle_x": 0.694389380502855,
      "camera_angle_y": 0.40159819917225364,
      "fovx": 39.78558084151741,
      "fovy": 23.009881872624366
    },
    {
      "file_path": "./images/30.png",
      "transform_matrix": [
        [
          -0.737968666061158,
          0.0410216688905719,
          0.673587017833143,
          1.9795226605693543
        ],
        [
          -0.045659199628771595,
          -0.9988985848961237,
          0.010809929776895755,
          0.37630803054621464
        ],
        [
          0.6732885602779649,
          -0.022778054656921856,
          0.7390288727951508,
          2.7587132922366417
        ],
        [
          0.0,
          0.0,
          0.0,
          1.0
        ]
      ],
      "w": 3840.0,
      "h": 2160.0,
      "fl_x": 3088.093860434299,
      "fl_y": 3088.093860434299,
      "k1": -0.19259168090269083,
      "k2": 0,
      "k3": 0,
      "k4": 0,
      "p1": 0,
      "p2": 0,
      "cx": 1920.0,
      "cy": 1080.0,
      "is_fisheye": false,
      "camera_angle_x": 1.112507201511384,
      "camera_angle_y": 0.6728690683275798,
      "fovx": 63.7419673245125,
      "fovy": 38.55255778007013
    },
    {
      "file_path": "./images/31.png",
      "transform_matrix": [
        [
          -0.9475013695952674,
          -0.0026864453521980892,
          0.319740422259154,
          0.7486460636557222
        ],
        [
          0.010449473435838288,
          -0.9996907433037814,
          0.022566042135186034,
          0.3679393377312066
        ],
        [
          0.31958091795350696,
          0.02472247487819403,
          0.9472364203913882,
          3.447651044149962
        ],
        [
          0.0,
          0.0,
          0.0,
          1.0
        ]
      ],
      "w": 3840.0,
      "h": 2160.0,
      "fl_x": 5314.407217372702,
      "fl_y": 5314.407217372702,
      "k1": -0.10011592634317017,
      "k2": 0,
      "k3": 0,
      "k4": 0,
      "p1": 0,
      "p2": 0,
      "cx": 1920.0,
      "cy": 1080.0,
      "is_fisheye": false,
      "camera_angle_x": 0.693380173629951,
      "camera_angle_y": 0.4009818037419331,
      "fovx": 39.72775754704441,
      "fovy": 22.974565015955847
    },
    {
      "file_path": "./images/32.png",
      "transform_matrix": [
        [
          -0.9999347042371113,
          0.010506050736877326,
          -0.004495571171103682,
          -0.6638168802509894
        ],
        [
          -0.010576868379557113,
          -0.9998155649888039,
          0.016030154752853003,
          0.3482205172238351
        ],
        [
          -0.004326328411230938,
          0.01607665711623689,
          0.9998614023845728,
          3.6992378221133504
        ],
        [
          0.0,
          0.0,
          0.0,
          1.0
        ]
      ],
      "w": 3840.0,
      "h": 2160.0,
      "fl_x": 5124.368235881465,
      "fl_y": 5124.368235881465,
      "k1": -0.014658868144324213,
      "k2": 0,
      "k3": 0,
      "k4": 0,
      "p1": 0,
      "p2": 0,
      "cx": 1920.0,
      "cy": 1080.0,
      "is_fisheye": false,
      "camera_angle_x": 0.7169807706569279,
      "camera_angle_y": 0.41543553690382357,
      "fovx": 41.07997215067919,
      "fovy": 23.802702924340448
    },
    {
      "file_path": "./images/33.png",
      "transform_matrix": [
        [
          -0.9271260765477505,
          -0.033037351720973274,
          -0.37329046542396327,
          -1.8886060621825365
        ],
        [
          0.036766042047580334,
          -0.9993197751682086,
          -0.00287142994287134,
          0.315523986533221
        ],
        [
          -0.3729416795389462,
          -0.016386590524754305,
          0.9277100750307953,
          3.4372453781534893
        ],
        [
          0.0,
          0.0,
          0.0,
          1.0
        ]
      ],
      "w": 3840.0,
      "h": 2160.0,
      "fl_x": 5292.152241944332,
      "fl_y": 5292.152241944332,
      "k1": -0.07861638211117138,
      "k2": 0,
      "k3": 0,
      "k4": 0,
      "p1": 0,
      "p2": 0,
      "cx": 1920.0,
      "cy": 1080.0,
      "is_fisheye": false,
      "camera_angle_x": 0.6960666315961913,
      "camera_angle_y": 0.4026229443886094,
      "fovx": 39.88168025034928,
      "fovy": 23.06859544859777
    },
    {
      "file_path": "./images/34.png",
      "transform_matrix": [
        [
          -0.7959535218580338,
          0.027826262391156154,
          -0.6047178599670514,
          -2.729647598338409
        ],
        [
          -0.03635638436493195,
          -0.9993371405189824,
          0.0018689289051999085,
          0.29325240232051974
        ],
        [
          -0.6042650116941252,
          0.02347293549349737,
          0.7964375788105533,
          2.9350533714597997
        ],
        [
          0.0,
          0.0,
          0.0,
          1.0
        ]
      ],
      "w": 3840.0,
      "h": 2160.0,
      "fl_x": 5111.849511840278,
      "fl_y": 5111.849511840278,
      "k1": -0.018867529857990256,
      "k2": 0,
      "k3": 0,
      "k4": 0,
      "p1": 0,
      "p2": 0,
      "cx": 1920.0,
      "cy": 1080.0,
      "is_fisheye": false,
      "camera_angle_x": 0.7185895269780028,
      "camera_angle_y": 0.4164238065996157,
      "fovx": 41.17214709814177,
      "fovy": 23.85932660693002
    },
    {
      "file_path": "./images/35.png",
      "transform_matrix": [
        [
          -0.476599291491166,
          0.007342628366008921,
          -0.8790899846766521,
          -3.725869936847522
        ],
        [
          0.007221356830176962,
          -0.9998986842796861,
          -0.01226675104842729,
          0.2520204449590598
        ],
        [
          -0.8790909892358408,
          -0.012194547323763872,
          0.4764979807511451,
          1.7662813186781168
        ],
        [
          0.0,
          0.0,
          0.0,
          1.0
        ]
      ],
      "w": 3840.0,
      "h": 2160.0,
      "fl_x": 5279.259138784587,
      "fl_y": 5279.259138784587,
      "k1": -0.07145115070762276,
      "k2": 0,
      "k3": 0,
      "k4": 0,
      "p1": 0,
      "p2": 0,
      "cx": 1920.0,
      "cy": 1080.0,
      "is_fisheye": false,
      "camera_angle_x": 0.6976321474402447,
      "camera_angle_y": 0.40357979233475044,
      "fovx": 39.9713777009744,
      "fovy": 23.123418797547412
    },
    {
      "file_path": "./images/36.png",
      "transform_matrix": [
        [
          -0.09612859651308621,
          0.016177516885278725,
          -0.9952374494962751,
          -4.205979792596903
        ],
        [
          -0.03883682032982029,
          -0.9991675015519096,
          -0.012490205329926925,
          0.22830075090293966
        ],
        [
          -0.9946109763717135,
          0.037451192103069283,
          0.09667685292232822,
          0.42117179806827154
        ],
        [
          0.0,
          0.0,
          0.0,
          1.0
        ]
      ],
      "w": 3840.0,
      "h": 2160.0,
      "fl_x": 5294.997167328053,
      "fl_y": 5294.997167328053,
      "k1": -0.07563331331308883,
      "k2": 0,
      "k3": 0,
      "k4": 0,
      "p1": 0,
      "p2": 0,
      "cx": 1920.0,
      "cy": 1080.0,
      "is_fisheye": false,
      "camera_angle_x": 0.6957221002703204,
      "camera_angle_y": 0.4024124137221339,
      "fovx": 39.86194005946683,
      "fovy": 23.056532929950645
    },
    {
      "file_path": "./images/37.png",
      "transform_matrix": [
        [
          -0.1353305688092365,
          0.23713692529248742,
          -0.9620040102871679,
          -4.191125965656063
        ],
        [
          -0.000591929304060972,
          -0.9709553113858043,
          -0.23926017828170806,
          -0.2786163761400557
        ],
        [
          -0.9908003263854263,
          -0.031809777655949785,
          0.1315403028733458,
          0.3804125398842377
        ],
        [
          0.0,
          0.0,
          0.0,
          1.0
        ]
      ],
      "w": 3840.0,
      "h": 2160.0,
      "fl_x": 5292.375356766138,
      "fl_y": 5292.375356766138,
      "k1": -0.07598801845734901,
      "k2": 0,
      "k3": 0,
      "k4": 0,
      "p1": 0,
      "p2": 0,
      "cx": 1920.0,
      "cy": 1080.0,
      "is_fisheye": false,
      "camera_angle_x": 0.6960395997104658,
      "camera_angle_y": 0.40260642555400694,
      "fovx": 39.880131437384925,
      "fovy": 23.06764898909257
    },
    {
      "file_path": "./images/38.png",
      "transform_matrix": [
        [
          -0.3703614107984974,
          0.24622010713503734,
          -0.8956606970464634,
          -3.828510705107202
        ],
        [
          -0.035099466821927626,
          -0.9672501674774013,
          -0.2513864374697956,
          -0.2533107539728525
        ],
        [
          -0.9282243547872262,
          -0.061666622717234915,
          0.36687433110329093,
          1.3800210035993932
        ],
        [
          0.0,
          0.0,
          0.0,
          1.0
        ]
      ],
      "w": 3840.0,
      "h": 2160.0,
      "fl_x": 5713.781594304947,
      "fl_y": 5713.781594304947,
      "k1": 0.05957146697616164,
      "k2": 0,
      "k3": 0,
      "k4": 0,
      "p1": 0,
      "p2": 0,
      "cx": 1920.0,
      "cy": 1080.0,
      "is_fisheye": false,
      "camera_angle_x": 0.6483505373771571,
      "camera_angle_y": 0.37362542412982247,
      "fovx": 37.14774943675003,
      "fovy": 21.407159921424178
    },
    {
      "file_path": "./images/39.png",
      "transform_matrix": [
        [
          -0.4609647267273039,
          0.22239786549390236,
          -0.8590987778695639,
          -3.7203989683765823
        ],
        [
          -0.01083183546172072,
          -0.9694255288035978,
          -0.2451465183199532,
          -0.24941227270227642
        ],
        [
          -0.887352349438346,
          -0.10369828121825875,
          0.4492799510534904,
          1.7127768762991749
        ],
        [
          0.0,
          0.0,
          0.0,
          1.0
        ]
      ],
      "w": 3840.0,
      "h": 2160.0,
      "fl_x": 5279.430124293471,
      "fl_y": 5279.430124293471,
      "k1": -0.06885608650752519,
      "k2": 0,
      "k3": 0,
      "k4": 0,
      "p1": 0,
      "p2": 0,
      "cx": 1920.0,
      "cy": 1080.0,
      "is_fisheye": false,
      "camera_angle_x": 0.6976113417219999,
      "camera_angle_y": 0.40356707347570825,
      "fovx": 39.97018562112923,
      "fovy": 23.12269006060407
    },
    {
      "file_path": "./images/4.png",
      "transform_matrix": [
        [
          -0.9314787242509039,
          0.02159004905852271,
          0.3631545897404546,
          0.7864551049646736
        ],
        [
          0.012101620061262836,
          -0.9958460973124634,
          0.09024467441034215,
          0.9111197946168963
        ],
        [
          0.36359446786193017,
          0.08845575305872652,
          0.9273481777040448,
          3.4112102289067625
        ],
        [
          0.0,
          0.0,
          0.0,
          1.0
        ]
      ],
      "w": 3840.0,
      "h": 2160.0,
      "fl_x": 3604.344329833072,
      "fl_y": 3604.344329833072,
      "k1": -0.1613029430913567,
      "k2": 0,
      "k3": 0,
      "k4": 0,
      "p1": 0,
      "p2": 0,
      "cx": 1920.0,
      "cy": 1080.0,
      "is_fisheye": false,
      "camera_angle_x": 0.9789134410364397,
      "camera_angle_y": 0.5822500529758527,
      "fovx": 56.087608680016565,
      "fovy": 33.36047065678496
    },
    {
      "file_path": "./images/40.png",
      "transform_matrix": [
        [
          -0.7123212458836754,
          0.14737474357808855,
          -0.6862063302083579,
          -3.1093847446682035
        ],
        [
          0.01622523025102393,
          -0.9739867586089189,
          -0.22602330843918067,
          -0.2297169048962896
        ],
        [
          -0.7016660064204552,
          -0.17213506037348814,
          0.6914002722187674,
          2.5566287153818124
        ],
        [
          0.0,
          0.0,
          0.0,
          1.0
        ]
      ],
      "w": 3840.0,
      "h": 2160.0,
      "fl_x": 5239.427109907232,
      "fl_y": 5239.427109907232,
      "k1": -0.009538057847899087,
      "k2": 0,
      "k3": 0,
      "k4": 0,
      "p1": 0,
      "p2": 0,
      "cx": 1920.0,
      "cy": 1080.0,
      "is_fisheye": false,
      "camera_angle_x": 0.702511599483477,
      "camera_angle_y": 0.4065644259573988,
      "fovx": 40.250949709388095,
      "fovy": 23.294425707518002
    },
    {
      "file_path": "./images/41.png",
      "transform_matrix": [
        [
          -0.7331806582942243,
          0.19300486352954513,
          -0.6520699693722976,
          -2.94908982864468
        ],
        [
          -0.0326405698818452,
          -0.9677613494924813,
          -0.24974499719970294,
          -0.2225052697712777
        ],
        [
          -0.6792501126249709,
          -0.1618242660494183,
          0.7158436920281761,
          2.7583298172208073
        ],
        [
          0.0,
          0.0,
          0.0,
          1.0
        ]
      ],
      "w": 3840.0,
      "h": 2160.0,
      "fl_x": 5288.08410724434,
      "fl_y": 5288.08410724434,
      "k1": -0.07550057880595948,
      "k2": 0,
      "k3": 0,
      "k4": 0,
      "p1": 0,
      "p2": 0,
      "cx": 1920.0,
      "cy": 1080.0,
      "is_fisheye": false,
      "camera_angle_x": 0.6965598673290903,
      "camera_angle_y": 0.40292437301782746,
      "fovx": 39.90994057614943,
      "fovy": 23.085866036876382
    },
    {
      "file_path": "./images/42.png",
      "transform_matrix": [
        [
          -0.8938132301701291,
          0.1394031835922067,
          -0.426221376724815,
          -2.148501127018491
        ],
        [
          -0.04399097322945197,
          -0.9731273332191441,
          -0.22602651971864327,
          -0.198465989666022
        ],
        [
          -0.446276488118257,
          -0.18327560052051148,
          0.8759265667889521,
          3.301569874990325
        ],
        [
          0.0,
          0.0,
          0.0,
          1.0
        ]
      ],
      "w": 3840.0,
      "h": 2160.0,
      "fl_x": 5086.3779799259155,
      "fl_y": 5086.3779799259155,
      "k1": -0.03556017565675503,
      "k2": 0,
      "k3": 0,
      "k4": 0,
      "p1": 0,
      "p2": 0,
      "cx": 1920.0,
      "cy": 1080.0,
      "is_fisheye": false,
      "camera_angle_x": 0.7218842330481895,
      "camera_angle_y": 0.4184489874270011,
      "fovx": 41.360919850699595,
      "fovy": 23.97536092109001
    },
    {
      "file_path": "./images/43.png",
      "transform_matrix": [
        [
          -0.9263561915400433,
          0.10263460193712723,
          -0.36239528816008976,
          -1.9090553812729039
        ],
        [
          -0.017934159925152963,
          -0.9730854076050814,
          -0.22974584961176434,
          -0.19310720052054667
        ],
        [
          -0.3762214405150324,
          -0.20632723521450058,
          0.9032643575972287,
          3.4222468424868016
        ],
        [
          0.0,
          0.0,
          0.0,
          1.0
        ]
      ],
      "w": 3840.0,
      "h": 2160.0,
      "fl_x": 5310.207813750202,
      "fl_y": 5310.207813750202,
